according
2	4
1.2375	4.3875
2.475	8.775
3.7125	13.1625
4.95	17.55
message
according
2	4
1.35	4.275
2.7	8.55
4.05	12.825
5.4	17.1
message
1
56.25	33.75	2	78.75	56.25	2
5.4	5.4
1
56.25	33.75	2	33.75	56.25	2
5.4	5.4
1
56.25	33.75	2	45	56.25	2
5.4	5.4
1
33.75	33.75	2	56.25	56.25	2
5.4	5.4
1
33.75	33.75	2	45	56.25	2
5.4	5.4
1
56.25	56.25	2	78.75	78.75	2
5.4	5.4
1
56.25	56.25	2	45	78.75	2
5.4	5.4
1
33.75	56.25	2	45	78.75	2
5.4	5.4
according
2	4
1.575	6.3
3.15	12.6
4.725	18.9
6.3	25.2
message
according
2	4
1.7325	6.1425
3.465	12.285
5.1975	18.4275
6.93	24.57
message
