according
7.8975	9.6525
message
2
11.25	56.25	1	11.25	78.75	1	11.25	11.25	1
4.95	2.475
2
11.25	11.25	1	11.25	78.75	1	11.25	11.25	1
4.95	2.475
2
11.25	78.75	1	11.25	78.75	1	11.25	11.25	1
4.95	2.475
2
33.75	33.75	1	33.75	78.75	1	33.75	33.75	1
4.95	2.475
2
33.75	78.75	1	33.75	78.75	1	33.75	33.75	1
4.95	2.475
2
33.75	56.25	1	33.75	78.75	1	33.75	33.75	1
4.95	2.475
2
33.75	33.75	1	33.75	56.25	1	33.75	11.25	1
4.95	2.475
2
33.75	11.25	1	33.75	56.25	1	33.75	11.25	1
4.95	2.475
2
33.75	56.25	1	33.75	56.25	1	33.75	11.25	1
4.95	2.475
according
7.695	9.405
message
2
56.25	11.25	2	56.25	11.25	2	11.25	11.25	2
5.4	2.7
2
11.25	11.25	2	56.25	11.25	2	11.25	11.25	2
5.4	2.7
2
56.25	33.75	2	56.25	33.75	2	33.75	33.75	2
5.4	2.7
2
33.75	33.75	2	56.25	33.75	2	33.75	33.75	2
5.4	2.7
2
56.25	56.25	2	78.75	56.25	2	56.25	56.25	2
5.4	2.7
2
78.75	56.25	2	78.75	56.25	2	56.25	56.25	2
5.4	2.7
2
45	56.25	2	78.75	56.25	2	56.25	56.25	2
5.4	2.7
2
33.75	56.25	2	45	56.25	2	33.75	56.25	2
5.4	2.7
2
45	56.25	2	45	56.25	2	33.75	56.25	2
5.4	2.7
2
45	78.75	2	78.75	78.75	2	45	78.75	2
5.4	2.7
2
78.75	78.75	2	78.75	78.75	2	45	78.75	2
5.4	2.7
1
56.25	56.25	2	45	56.25	2
5.4	5.4
1
33.75	56.25	2	45	56.25	2
5.4	5.4
according
11.34	13.86
message
2
45	56.25	3	45	78.75	3	45	56.25	3
6.3	3.15
2
45	78.75	3	45	78.75	3	45	56.25	3
6.3	3.15
1
45	56.25	3	45	78.75	3
6.3	6.3
according
11.0565	13.5135
message
