61
26.9999992847443 26.9999992847443 1
6
44.9999988079071 26.9999992847443 1
26.9999992847443 80.9999978542328 1
26.9999992847443 44.9999988079071 1
26.9999992847443 8.99999976158142 1
26.9999992847443 62.9999983310699 1
8.99999976158142 26.9999992847443 1
27 27 0
5
45 27 0
27 81 0
27 9 0
27 63 0
9 27 0
26.9999992847443 26.9999992847443 2
1
26.9999992847443 44.9999988079071 2
80.9999978542328 26.9999992847443 2
2
80.9999978542328 62.9999983310699 2
80.9999978542328 44.9999988079071 2
80.9999978542328 26.9999992847443 1
4
44.9999988079071 26.9999992847443 1
80.9999978542328 62.9999983310699 1
8.99999976158142 26.9999992847443 1
80.9999978542328 44.9999988079071 1
80.9999978542328 8.99999976158142 1
4
62.9999983310699 8.99999976158142 1
80.9999978542328 62.9999983310699 1
26.9999992847443 8.99999976158142 1
80.9999978542328 44.9999988079071 1
81 9 0
4
63 9 0
81 63 0
27 9 0
81 45 0
8.99999976158142 8.99999976158142 1
4
62.9999983310699 8.99999976158142 1
26.9999992847443 8.99999976158142 1
8.99999976158142 26.9999992847443 1
8.99999976158142 44.9999988079071 1
9 9 0
3
63 9 0
27 9 0
9 27 0
8.99999976158142 26.9999992847443 2
1
8.99999976158142 44.9999988079071 2
8.99999976158142 26.9999992847443 1
3
44.9999988079071 26.9999992847443 1
8.99999976158142 26.9999992847443 1
8.99999976158142 44.9999988079071 1
62.9999983310699 26.9999992847443 1
4
62.9999983310699 8.99999976158142 1
44.9999988079071 26.9999992847443 1
62.9999983310699 62.9999983310699 1
8.99999976158142 26.9999992847443 1
63 27 0
4
63 9 0
45 27 0
63 63 0
9 27 0
62.9999983310699 26.9999992847443 2
2
62.9999983310699 8.99999976158142 2
62.9999983310699 62.9999983310699 2
44.9999988079071 8.99999976158142 1
5
62.9999983310699 8.99999976158142 1
44.9999988079071 44.9999988079071 1
44.9999988079071 26.9999992847443 1
44.9999988079071 62.9999983310699 1
26.9999992847443 8.99999976158142 1
45 9 0
3
63 9 0
45 27 0
27 9 0
44.9999988079071 26.9999992847443 2
2
44.9999988079071 44.9999988079071 2
44.9999988079071 62.9999983310699 2
44.9999988079071 26.9999992847443 1
4
44.9999988079071 44.9999988079071 1
44.9999988079071 26.9999992847443 1
44.9999988079071 62.9999983310699 1
8.99999976158142 26.9999992847443 1
80.9999978542328 80.9999978542328 1
3
26.9999992847443 80.9999978542328 1
80.9999978542328 62.9999983310699 1
80.9999978542328 44.9999988079071 1
81 81 0
3
27 81 0
81 63 0
81 45 0
8.99999976158142 44.9999988079071 1
5
44.9999988079071 44.9999988079071 1
26.9999992847443 44.9999988079071 1
8.99999976158142 26.9999992847443 1
8.99999976158142 44.9999988079071 1
80.9999978542328 44.9999988079071 1
9 45 0
2
9 27 0
81 45 0
62.9999983310699 44.9999988079071 1
6
62.9999983310699 8.99999976158142 1
44.9999988079071 44.9999988079071 1
26.9999992847443 44.9999988079071 1
62.9999983310699 62.9999983310699 1
8.99999976158142 44.9999988079071 1
80.9999978542328 44.9999988079071 1
63 45 0
3
63 9 0
63 63 0
81 45 0
62.9999983310699 80.9999978542328 1
3
62.9999983310699 8.99999976158142 1
26.9999992847443 80.9999978542328 1
62.9999983310699 62.9999983310699 1
63 81 0
3
63 9 0
27 81 0
63 63 0
81 27 0
4
45 27 0
81 63 0
9 27 0
81 45 0
62.9999983310699 8.99999976158142 1
6
80.9999978542328 8.99999976158142 1
8.99999976158142 8.99999976158142 1
62.9999983310699 26.9999992847443 1
44.9999988079071 8.99999976158142 1
62.9999983310699 44.9999988079071 1
62.9999983310699 80.9999978542328 1
63 9 0
6
81 9 0
9 9 0
63 27 0
45 9 0
63 45 0
63 81 0
62.9999983310699 8.99999976158142 2
1
62.9999983310699 26.9999992847443 2
56.25 8.99999976158142 3
0
56.25 8.99999976158142 2
0
56.25 44.9999988079071 3
0
56.25 44.9999988079071 2
0
44.9999988079071 44.9999988079071 2
1
44.9999988079071 26.9999992847443 2
44.9999988079071 44.9999988079071 1
4
44.9999988079071 8.99999976158142 1
44.9999988079071 26.9999992847443 1
8.99999976158142 44.9999988079071 1
62.9999983310699 44.9999988079071 1
44.9999988079071 26.9999992847443 1
6
26.9999992847443 26.9999992847443 1
80.9999978542328 26.9999992847443 1
8.99999976158142 26.9999992847443 1
62.9999983310699 26.9999992847443 1
44.9999988079071 8.99999976158142 1
44.9999988079071 26.9999992847443 1
45 27 0
4
27 27 0
63 27 0
45 9 0
81 27 0
26.9999992847443 80.9999978542328 1
3
26.9999992847443 26.9999992847443 1
80.9999978542328 80.9999978542328 1
62.9999983310699 80.9999978542328 1
27 81 0
3
27 27 0
81 81 0
63 81 0
26.9999992847443 44.9999988079071 2
1
26.9999992847443 26.9999992847443 2
26.9999992847443 44.9999988079071 1
3
26.9999992847443 26.9999992847443 1
8.99999976158142 44.9999988079071 1
62.9999983310699 44.9999988079071 1
80.9999978542328 62.9999983310699 1
3
80.9999978542328 26.9999992847443 1
80.9999978542328 8.99999976158142 1
80.9999978542328 80.9999978542328 1
81 63 0
3
81 9 0
81 81 0
81 27 0
80.9999978542328 62.9999983310699 2
1
80.9999978542328 26.9999992847443 2
44.9999988079071 62.9999983310699 2
1
44.9999988079071 26.9999992847443 2
44.9999988079071 62.9999983310699 1
2
44.9999988079071 8.99999976158142 1
44.9999988079071 26.9999992847443 1
26.9999992847443 8.99999976158142 1
4
26.9999992847443 26.9999992847443 1
80.9999978542328 8.99999976158142 1
8.99999976158142 8.99999976158142 1
44.9999988079071 8.99999976158142 1
27 9 0
4
27 27 0
81 9 0
9 9 0
45 9 0
26.9999992847443 62.9999983310699 1
1
26.9999992847443 26.9999992847443 1
27 63 0
1
27 27 0
62.9999983310699 62.9999983310699 1
3
62.9999983310699 26.9999992847443 1
62.9999983310699 44.9999988079071 1
62.9999983310699 80.9999978542328 1
63 63 0
3
63 27 0
63 45 0
63 81 0
62.9999983310699 62.9999983310699 2
1
62.9999983310699 26.9999992847443 2
8.99999976158142 26.9999992847443 1
7
26.9999992847443 26.9999992847443 1
80.9999978542328 26.9999992847443 1
8.99999976158142 8.99999976158142 1
8.99999976158142 26.9999992847443 1
62.9999983310699 26.9999992847443 1
44.9999988079071 26.9999992847443 1
8.99999976158142 44.9999988079071 1
9 27 0
5
27 27 0
9 9 0
63 27 0
9 45 0
81 27 0
8.99999976158142 44.9999988079071 2
1
8.99999976158142 26.9999992847443 2
8.99999976158142 44.9999988079071 1
4
8.99999976158142 8.99999976158142 1
8.99999976158142 26.9999992847443 1
8.99999976158142 44.9999988079071 1
62.9999983310699 44.9999988079071 1
80.9999978542328 44.9999988079071 1
5
80.9999978542328 26.9999992847443 1
80.9999978542328 8.99999976158142 1
80.9999978542328 80.9999978542328 1
8.99999976158142 44.9999988079071 1
62.9999983310699 44.9999988079071 1
81 45 0
5
81 9 0
81 81 0
9 45 0
63 45 0
81 27 0
80.9999978542328 44.9999988079071 2
1
80.9999978542328 26.9999992847443 2
