61
26.9999992847443 26.9999992847443 1
0
27 27 0
0
26.9999992847443 26.9999992847443 2
0
80.9999978542328 26.9999992847443 2
0
80.9999978542328 26.9999992847443 1
0
80.9999978542328 8.99999976158142 1
0
81 9 0
0
8.99999976158142 8.99999976158142 1
0
9 9 0
0
8.99999976158142 26.9999992847443 2
0
8.99999976158142 26.9999992847443 1
0
62.9999983310699 26.9999992847443 1
0
63 27 0
0
62.9999983310699 26.9999992847443 2
0
44.9999988079071 8.99999976158142 1
0
45 9 0
0
44.9999988079071 26.9999992847443 2
0
44.9999988079071 26.9999992847443 1
0
80.9999978542328 80.9999978542328 1
1
80.9999978542328 62.9999983310699 1 80.9999978542328 44.9999988079071 1
81 81 0
0
8.99999976158142 44.9999988079071 1
0
9 45 0
0
62.9999983310699 44.9999988079071 1
0
63 45 0
0
62.9999983310699 80.9999978542328 1
0
63 81 0
0
81 27 0
0
62.9999983310699 8.99999976158142 1
0
63 9 0
0
62.9999983310699 8.99999976158142 2
0
56.25 8.99999976158142 3
0
56.25 8.99999976158142 2
0
56.25 44.9999988079071 3
0
56.25 44.9999988079071 2
0
44.9999988079071 44.9999988079071 2
0
44.9999988079071 44.9999988079071 1
1
44.9999988079071 26.9999992847443 1 44.9999988079071 8.99999976158142 1
44.9999988079071 26.9999992847443 1
0
45 27 0
0
26.9999992847443 80.9999978542328 1
0
27 81 0
0
26.9999992847443 44.9999988079071 2
0
26.9999992847443 44.9999988079071 1
0
80.9999978542328 62.9999983310699 1
0
81 63 0
0
80.9999978542328 62.9999983310699 2
0
44.9999988079071 62.9999983310699 2
0
44.9999988079071 62.9999983310699 1
1
44.9999988079071 26.9999992847443 1 44.9999988079071 8.99999976158142 1
26.9999992847443 8.99999976158142 1
0
27 9 0
0
26.9999992847443 62.9999983310699 1
0
27 63 0
0
62.9999983310699 62.9999983310699 1
0
63 63 0
0
62.9999983310699 62.9999983310699 2
0
8.99999976158142 26.9999992847443 1
0
9 27 0
0
8.99999976158142 44.9999988079071 2
0
8.99999976158142 44.9999988079071 1
0
80.9999978542328 44.9999988079071 1
0
81 45 0
0
80.9999978542328 44.9999988079071 2
0
