according
4	10
17.55	18.4275	19.305	20.1825	21.06	21.9375	22.815	23.6925	24.57	25.4475	
18.954	19.8315	20.709	21.5865	22.464	23.3415	24.219	25.0965	25.974	26.8515	
20.358	21.2355	22.113	22.9905	23.868	24.7455	25.623	26.5005	27.378	28.2555	
21.762	22.6395	23.517	24.3945	25.272	26.1495	27.027	27.9045	28.782	29.6595	
10
9	18	27	36	45	54	63	72	81	90	
4
2.475	3.7125	4.95	6.1875	
message
3
11.25	78.75	1	11.25	56.25	1	33.75	78.75	1
2.475	4.95	2.475	18.7875
4
78.75	56.25	1	78.75	11.25	1	56.25	78.75	1	56.25	11.25	1
2.475	2.475	45	20.025
3
78.75	56.25	1	78.75	11.25	1	56.25	33.75	1
2.475	4.95	4.95	18.7875
3
78.75	56.25	1	78.75	11.25	1	56.25	11.25	1
2.475	4.95	2.475	18.7875
3
78.75	56.25	1	78.75	11.25	1	56.25	33.75	1
2.475	4.95	4.95	18.7875
3
78.75	56.25	1	78.75	11.25	1	56.25	56.25	1
2.475	4.95	2.475	18.7875
4
33.75	78.75	1	33.75	11.25	1	56.25	78.75	1	56.25	11.25	1
2.475	2.475	67.5	20.025
3
33.75	78.75	1	33.75	11.25	1	11.25	56.25	1
2.475	4.95	4.95	18.7875
3
33.75	78.75	1	33.75	11.25	1	11.25	78.75	1
2.475	4.95	2.475	18.7875
3
33.75	78.75	1	33.75	11.25	1	56.25	33.75	1
2.475	4.95	4.95	18.7875
3
33.75	78.75	1	33.75	11.25	1	56.25	11.25	1
2.475	4.95	2.475	18.7875
3
33.75	78.75	1	33.75	11.25	1	56.25	78.75	1
2.475	4.95	2.475	18.7875
3
33.75	78.75	1	33.75	11.25	1	11.25	33.75	1
2.475	4.95	4.95	18.7875
3
33.75	78.75	1	33.75	11.25	1	11.25	11.25	1
2.475	4.95	2.475	18.7875
3
33.75	78.75	1	33.75	11.25	1	56.25	78.75	1
2.475	4.95	2.475	18.7875
3
33.75	78.75	1	33.75	11.25	1	56.25	33.75	1
2.475	4.95	4.95	18.7875
3
33.75	78.75	1	33.75	11.25	1	56.25	56.25	1
2.475	4.95	4.95	18.7875
3
56.25	78.75	1	56.25	11.25	1	78.75	56.25	1
2.475	4.95	4.95	18.7875
3
56.25	78.75	1	56.25	11.25	1	78.75	11.25	1
2.475	4.95	2.475	18.7875
3
56.25	78.75	1	56.25	11.25	1	33.75	78.75	1
2.475	4.95	2.475	18.7875
3
56.25	78.75	1	56.25	11.25	1	33.75	11.25	1
2.475	4.95	2.475	18.7875
3
56.25	78.75	1	56.25	11.25	1	78.75	56.25	1
2.475	4.95	4.95	18.7875
3
56.25	78.75	1	56.25	11.25	1	78.75	78.75	1
2.475	4.95	2.475	18.7875
3
56.25	78.75	1	56.25	11.25	1	78.75	33.75	1
2.475	4.95	4.95	18.7875
3
11.25	33.75	1	11.25	11.25	1	33.75	11.25	1
2.475	4.95	2.475	18.7875
3
78.75	78.75	1	78.75	56.25	1	56.25	78.75	1
2.475	4.95	2.475	18.7875
3
78.75	78.75	1	78.75	56.25	1	56.25	78.75	1
2.475	4.95	2.475	18.7875
3
78.75	78.75	1	78.75	56.25	1	56.25	56.25	1
2.475	4.95	2.475	18.7875
3
56.25	56.25	1	56.25	33.75	1	78.75	56.25	1
2.475	4.95	2.475	18.7875
3
56.25	56.25	1	56.25	33.75	1	78.75	56.25	1
2.475	4.95	2.475	18.7875
3
56.25	56.25	1	56.25	33.75	1	78.75	33.75	1
2.475	4.95	2.475	18.7875
1
11.25	56.25	1	11.25	78.75	1
4.95	4.95	4.95	17.55
1
11.25	56.25	1	11.25	33.75	1
4.95	4.95	4.95	17.55
1
78.75	56.25	1	78.75	78.75	1
4.95	4.95	4.95	17.55
1
78.75	56.25	1	78.75	33.75	1
4.95	4.95	4.95	17.55
1
78.75	56.25	1	56.25	56.25	1
4.95	4.95	4.95	17.55
1
78.75	11.25	1	78.75	33.75	1
4.95	4.95	4.95	17.55
1
78.75	11.25	1	56.25	11.25	1
4.95	4.95	4.95	17.55
1
11.25	78.75	1	33.75	78.75	1
4.95	4.95	4.95	17.55
1
56.25	33.75	1	56.25	11.25	1
4.95	4.95	4.95	17.55
1
56.25	33.75	1	56.25	56.25	1
4.95	4.95	4.95	17.55
1
56.25	33.75	1	78.75	33.75	1
4.95	4.95	4.95	17.55
1
56.25	11.25	1	56.25	33.75	1
4.95	4.95	4.95	17.55
1
56.25	11.25	1	33.75	11.25	1
4.95	4.95	4.95	17.55
1
33.75	78.75	1	56.25	78.75	1
4.95	4.95	4.95	17.55
1
56.25	78.75	1	56.25	56.25	1
4.95	4.95	4.95	17.55
1
56.25	78.75	1	78.75	78.75	1
4.95	4.95	4.95	17.55
1
33.75	11.25	1	11.25	11.25	1
4.95	4.95	4.95	17.55
1
78.75	78.75	1	56.25	78.75	1
4.95	4.95	4.95	17.55
1
11.25	33.75	1	11.25	11.25	1
4.95	4.95	4.95	17.55
1
78.75	33.75	1	56.25	33.75	1
4.95	4.95	4.95	17.55
according
4	10
17.1	17.955	18.81	19.665	20.52	21.375	22.23	23.085	23.94	24.795	
18.468	19.323	20.178	21.033	21.888	22.743	23.598	24.453	25.308	26.163	
19.836	20.691	21.546	22.401	23.256	24.111	24.966	25.821	26.676	27.531	
21.204	22.059	22.914	23.769	24.624	25.479	26.334	27.189	28.044	28.899	
10
9	18	27	36	45	54	63	72	81	90	
4
2.7	4.05	5.4	6.75	
message
4
78.75	56.25	2	11.25	56.25	2	75	33.75	2	11.25	33.75	2
2.7	2.7	63.75	19.8
3
78.75	56.25	2	11.25	56.25	2	33.75	78.75	2
2.7	5.4	5.4	18.45
3
78.75	56.25	2	11.25	56.25	2	56.25	78.75	2
2.7	5.4	5.4	18.45
3
78.75	56.25	2	11.25	56.25	2	78.75	78.75	2
2.7	5.4	2.7	18.45
3
78.75	56.25	2	11.25	56.25	2	75	78.75	2
2.7	5.4	5.4	18.45
3
78.75	56.25	2	11.25	56.25	2	75	33.75	2
2.7	5.4	5.4	18.45
3
78.75	56.25	2	11.25	56.25	2	11.25	33.75	2
2.7	5.4	2.7	18.45
3
78.75	56.25	2	11.25	56.25	2	56.25	78.75	2
2.7	5.4	5.4	18.45
3
78.75	56.25	2	11.25	56.25	2	78.75	33.75	2
2.7	5.4	2.7	18.45
3
78.75	56.25	2	11.25	56.25	2	56.25	33.75	2
2.7	5.4	5.4	18.45
3
75	33.75	2	11.25	33.75	2	11.25	56.25	2
2.7	5.4	2.7	18.45
3
78.75	78.75	2	56.25	78.75	2	78.75	56.25	2
2.7	5.4	2.7	18.45
3
78.75	33.75	2	56.25	33.75	2	78.75	56.25	2
2.7	5.4	2.7	18.45
1
11.25	56.25	2	11.25	33.75	2
5.4	5.4	5.4	17.1
1
78.75	56.25	2	78.75	78.75	2
5.4	5.4	5.4	17.1
1
78.75	56.25	2	78.75	33.75	2
5.4	5.4	5.4	17.1
1
33.75	78.75	2	56.25	78.75	2
5.4	5.4	5.4	17.1
1
56.25	78.75	2	78.75	78.75	2
5.4	5.4	5.4	17.1
1
56.25	78.75	2	75	78.75	2
5.4	5.4	5.4	13.35
1
78.75	78.75	2	56.25	78.75	2
5.4	5.4	5.4	17.1
1
75	78.75	2	56.25	78.75	2
5.4	5.4	5.4	13.35
1
75	33.75	2	56.25	33.75	2
5.4	5.4	5.4	13.35
1
78.75	33.75	2	56.25	33.75	2
5.4	5.4	5.4	17.1
according
4	10
25.2	26.46	27.72	28.98	30.24	31.5	32.76	34.02	35.28	36.54	
27.216	28.476	29.736	30.996	32.256	33.516	34.776	36.036	37.296	38.556	
29.232	30.492	31.752	33.012	34.272	35.532	36.792	38.052	39.312	40.572	
31.248	32.508	33.768	35.028	36.288	37.548	38.808	40.068	41.328	42.588	
10
9	18	27	36	45	54	63	72	81	90	
4
3.15	4.725	6.3	7.875	
message
according
4	10
24.57	25.7985	27.027	28.2555	29.484	30.7125	31.941	33.1695	34.398	35.6265	
26.5356	27.7641	28.9926	30.2211	31.4496	32.6781	33.9066	35.1351	36.3636	37.5921	
28.5012	29.7297	30.9582	32.1867	33.4152	34.6437	35.8722	37.1007	38.3292	39.5577	
30.4668	31.6953	32.9238	34.1523	35.3808	36.6093	37.8378	39.0663	40.2948	41.5233	
10
9	18	27	36	45	54	63	72	81	90	
4
3.465	5.1975	6.93	8.6625	
message
according
4	10
23.94	25.137	26.334	27.531	28.728	29.925	31.122	32.319	33.516	34.713	
25.8552	27.0522	28.2492	29.4462	30.6432	31.8402	33.0372	34.2342	35.4312	36.6282	
27.7704	28.9674	30.1644	31.3614	32.5584	33.7554	34.9524	36.1494	37.3464	38.5434	
29.6856	30.8826	32.0796	33.2766	34.4736	35.6706	36.8676	38.0646	39.2616	40.4586	
10
9	18	27	36	45	54	63	72	81	90	
4
3.78	5.67	7.56	9.45	
message
according
4	10
32.4	34.02	35.64	37.26	38.88	40.5	42.12	43.74	45.36	46.98	
34.992	36.612	38.232	39.852	41.472	43.092	44.712	46.332	47.952	49.572	
37.584	39.204	40.824	42.444	44.064	45.684	47.304	48.924	50.544	52.164	
40.176	41.796	43.416	45.036	46.656	48.276	49.896	51.516	53.136	54.756	
10
9	18	27	36	45	54	63	72	81	90	
4
4.05	6.075	8.1	10.125	
message
according
4	10
31.59	33.1695	34.749	36.3285	37.908	39.4875	41.067	42.6465	44.226	45.8055	
34.1172	35.6967	37.2762	38.8557	40.4352	42.0147	43.5942	45.1737	46.7532	48.3327	
36.6444	38.2239	39.8034	41.3829	42.9624	44.5419	46.1214	47.7009	49.2804	50.8599	
39.1716	40.7511	42.3306	43.9101	45.4896	47.0691	48.6486	50.2281	51.8076	53.3871	
10
9	18	27	36	45	54	63	72	81	90	
4
4.455	6.6825	8.91	11.1375	
message
