90
113
0 16
1 17
2 18
3 19
4 20
5 21
6 22
7 23
8 24
9 25
10 26
11 27
12 28
13 29
14 30
15 31
16 17
17 18
18 19
20 21
21 22
22 23
24 25
25 26
26 27
28 29
29 30
30 31
16 32
17 33
18 34
19 35
20 36
21 37
22 38
23 39
24 40
25 41
26 42
27 43
28 44
29 45
30 46
31 47
32 48
48 36
36 52
52 40
40 56
56 44
33 49
49 37
37 53
53 41
41 57
57 45
34 50
50 38
38 54
54 42
42 58
58 46
35 51
51 39
39 55
55 43
43 59
59 47
48 60
49 61
50 62
51 63
52 64
53 65
54 66
55 67
56 68
57 69
58 70
59 71
60 72
72 61
61 73
73 62
62 74
74 63
64 75
75 65
65 76
76 66
66 77
77 67
68 78
78 69
69 79
79 70
70 80
80 71
72 81
73 82
74 83
75 84
76 85
77 86
78 87
79 88
80 89
81 84
84 87
82 85
85 88
83 86
86 89
4
4
0 2 8 3 
2
7 9 
2
14 10 
2
15 4 
