89
11.25 78.75 1 11.25 11.25 1
0
56.25 11.25 2 11.25 11.25 2
0
11.25 56.25 0 11.25 56.25 1
0
11.25 11.25 0 11.25 11.25 1
0
56.25 11.25 0 56.25 11.25 1
0
56.25 11.25 1 56.25 11.25 2
0
11.25 11.25 1 11.25 11.25 2
0
11.25 78.75 0 11.25 78.75 1
0
56.25 33.75 0 56.25 33.75 1
0
56.25 33.75 1 56.25 33.75 2
0
33.75 33.75 1 33.75 33.75 2
0
33.75 78.75 0 33.75 78.75 1
0
56.25 56.25 0 56.25 56.25 1
0
56.25 56.25 1 56.25 56.25 2
0
78.75 56.25 1 78.75 56.25 2
0
78.75 56.25 0 78.75 56.25 1
0
33.75 11.25 0 33.75 11.25 1
0
33.75 56.25 1 33.75 56.25 2
0
45 56.25 2 45 56.25 3
0
45 78.75 2 45 78.75 3
0
78.75 78.75 1 78.75 78.75 2
0
78.75 78.75 0 78.75 78.75 1
0
33.75 78.75 1 33.75 33.75 1
1
33.75 56.25 1 33.75 11.25 1
56.25 33.75 2 33.75 33.75 2
0
11.25 56.25 0 11.25 56.25 1
0
11.25 11.25 0 11.25 11.25 1
0
56.25 11.25 0 56.25 11.25 1
0
56.25 11.25 1 56.25 11.25 2
0
11.25 11.25 1 11.25 11.25 2
0
11.25 78.75 0 11.25 78.75 1
0
56.25 33.75 0 56.25 33.75 1
0
56.25 33.75 1 56.25 33.75 2
0
33.75 33.75 1 33.75 33.75 2
0
33.75 78.75 0 33.75 78.75 1
0
56.25 56.25 0 56.25 56.25 1
0
56.25 56.25 1 56.25 56.25 2
0
78.75 56.25 1 78.75 56.25 2
0
78.75 56.25 0 78.75 56.25 1
0
33.75 11.25 0 33.75 11.25 1
0
33.75 56.25 1 33.75 56.25 2
0
45 56.25 2 45 56.25 3
0
45 78.75 2 45 78.75 3
0
78.75 78.75 1 78.75 78.75 2
0
78.75 78.75 0 78.75 78.75 1
0
78.75 56.25 2 56.25 56.25 2
0
11.25 56.25 0 11.25 56.25 1
0
11.25 11.25 0 11.25 11.25 1
0
56.25 11.25 0 56.25 11.25 1
0
56.25 11.25 1 56.25 11.25 2
0
11.25 11.25 1 11.25 11.25 2
0
11.25 78.75 0 11.25 78.75 1
0
56.25 33.75 0 56.25 33.75 1
0
56.25 33.75 1 56.25 33.75 2
0
33.75 33.75 1 33.75 33.75 2
0
33.75 78.75 0 33.75 78.75 1
0
56.25 56.25 0 56.25 56.25 1
0
56.25 56.25 1 56.25 56.25 2
0
78.75 56.25 1 78.75 56.25 2
0
78.75 56.25 0 78.75 56.25 1
0
33.75 11.25 0 33.75 11.25 1
0
33.75 56.25 1 33.75 56.25 2
0
45 56.25 2 45 56.25 3
0
45 78.75 2 45 78.75 3
0
78.75 78.75 1 78.75 78.75 2
0
78.75 78.75 0 78.75 78.75 1
0
33.75 56.25 1 33.75 11.25 1
1
33.75 78.75 1 33.75 33.75 1
45 56.25 2 33.75 56.25 2
0
78.75 78.75 2 45 78.75 2
0
45 78.75 3 45 56.25 3
0
11.25 56.25 0 11.25 56.25 1
0
11.25 11.25 0 11.25 11.25 1
0
56.25 11.25 0 56.25 11.25 1
0
56.25 11.25 1 56.25 11.25 2
0
11.25 11.25 1 11.25 11.25 2
0
11.25 78.75 0 11.25 78.75 1
0
56.25 33.75 0 56.25 33.75 1
0
56.25 33.75 1 56.25 33.75 2
0
33.75 33.75 1 33.75 33.75 2
0
33.75 78.75 0 33.75 78.75 1
0
56.25 56.25 0 56.25 56.25 1
0
56.25 56.25 1 56.25 56.25 2
0
78.75 56.25 1 78.75 56.25 2
0
78.75 56.25 0 78.75 56.25 1
0
33.75 11.25 0 33.75 11.25 1
0
33.75 56.25 1 33.75 56.25 2
0
45 56.25 2 45 56.25 3
0
45 78.75 2 45 78.75 3
0
78.75 78.75 1 78.75 78.75 2
0
78.75 78.75 0 78.75 78.75 1
0
